0,8500
1,671
2,1792
3,5208
4,8634
5,28
6,3425
7,6769
8,8723
9,3179
10,3791
11,6359
12,2201
13,5766
14,1604
15,9669
16,5629
17,9841
18,8196
19,3483
20,9733
21,7136
22,2918
23,2912
24,9150
25,7447
26,5035
27,9760
28,1654
29,10
30,8986
31,9316
32,7273
33,576
34,1033
35,4662
36,3802
37,7916
38,4371
39,2177
40,8210
41,1235
42,9006
43,6856
44,8800
45,1156
46,4463
47,8213
48,8702
49,9781
50,8743
51,336
52,9851
53,7387
54,2944
55,1634
56,4158
57,2928
58,6930
59,8293
60,1295
61,2204
62,322
63,421
64,474
65,4553
66,5710
67,5767
68,6147
69,3563
70,6723
71,1483
72,6625
73,4513
74,2843
75,6031
76,1949
77,6877
78,469
79,5539
80,3047
81,2015
82,2577
83,1294
84,6536
85,1186
86,165
87,9631
88,4665
89,1562
90,3365
91,1126
92,6520
93,7313
94,2410
95,6676
96,1834
97,1446
98,6673
99,7033
100,5759
101,2073
102,343
103,2337
104,7381
105,3197
106,7880
107,2430
108,9671
109,1369
110,1686
111,3963
112,5349
113,4876
114,3115
115,7792
116,4170
117,2287
118,5850
119,7467
120,4795
121,6824
122,8202
123,1779
124,3258
125,2116
126,5232
127,8572
128,4748
129,6654
130,8905
131,6054
132,7532
133,8963
134,906
135,2206
136,575
137,3745
138,3744
139,4230
140,9644
141,8191
142,4047
143,5998
144,240
145,6303
146,4874
147,2851
148,3599
149,1019
150,6878
151,1820
152,6399
153,2417
154,6810
155,1443
156,1195
157,1023
158,3243
159,9099
160,6395
161,1020
162,5404
163,331
164,2104
165,9179
166,3037
167,5971
168,8360
169,7432
170,2787
171,4567
172,5041
173,3263
174,9431
175,8996
176,5140
177,8700
178,6836
179,6858
180,9073
181,493
182,1028
183,7127
184,334
185,7274
186,2950
187,705
188,8399
189,1720
190,928
191,1181
192,5588
193,5224
194,7316
195,4689
196,4607
197,6891
198,5516
199,6757
200,1315
201,2225
202,2399
203,2700
204,3433
205,3574
206,6724
207,5467
208,3502
209,177
210,6241
211,7365
212,9523
213,7392
214,5528
215,2721
216,1970
217,4459
218,3468
219,9528
220,2004
221,1678
222,920
223,6712
224,184
225,810
226,1314
227,1693
228,3415
229,7867
230,8793
231,2884
232,7704
233,8367
234,9011
235,8465
236,5837
237,1409
238,2012
239,5907
240,5639
241,3145
242,1230
243,1093
244,8556
245,6876
246,4121
247,1986
248,7743
249,7096
250,8531
251,2677
252,3259
253,7245
254,4075
255,7543
256,404
257,4128
258,2309
259,6006
260,9383
261,3336
262,2027
263,2581
264,7772
265,4872
266,1855
267,5805
268,6847
269,1983
270,4135
271,3446
272,9198
273,58
274,3220
275,9900
276,7950
277,2372
278,2008
279,181
280,1078
281,7927
282,6532
283,7002
284,101
285,3562
286,7159
287,1275
288,6137
289,3794
290,1972
291,3284
292,1327
293,1732
294,7340
295,6493
296,9705
297,8977
298,8248
299,6433
300,6973
301,2854
302,2953
303,3246
304,6248
305,5763
306,4483
307,6056
308,2532
309,2839
310,5852
311,2226
312,1049
313,8998
314,1667
315,7893
316,1669
317,2267
318,8103
319,1670
320,3684
321,6308
322,4672
323,3586
324,3808
325,8926
326,1069
327,2035
328,5595
329,4653
330,1687
331,3805
332,4895
333,8753
334,4569
335,7954
336,7412
337,4605
338,4519
339,9670
340,5331
341,1849
342,1056
343,2205
344,6646
345,6642
346,6641
347,573
348,2409
349,2208
350,572
351,579
352,3394
353,2311
354,3494
355,6518
356,2316
357,2317
358,5663
359,621
360,16
361,3265
362,4241
363,1632
364,9224
365,818
366,3418
367,3176
368,3174
369,6167
370,4548
371,2479
372,8184
373,8085
374,3509
375,3720
376,8756
377,847
378,566
379,3224
380,9659
381,5647
382,2593
383,5068
384,5325
385,6225
386,8791
387,628
388,5659
389,8415
390,30
391,6036
392,1046
393,8289
394,2106
395,2751
396,5462
397,3928
398,7312
399,7309
400,7806
401,1001
402,9056
403,9451
404,8099
405,8397
406,2932
407,9237
408,9755
409,146
410,6355
411,260
412,5064
413,9807
414,435
415,2706
416,8267
417,2067
418,1799
419,2385
420,9805
421,133
422,9635
423,4517
424,6044
425,693
426,2742
427,6855
428,3815
429,4802
430,3417
431,9592
432,8357
433,3925
434,2753
435,4030
436,3962
437,5960
438,6076
439,1864
440,463
441,3059
442,2086
443,5530
444,7824
445,9117
446,8074
447,6688
448,3122
449,7270
450,7226
451,4870
452,1981
453,1722
454,9593
455,1458
456,1277
457,2544
458,428
459,965
460,7088
461,3842
462,8006
463,553
464,580
465,1781
466,8792
467,1099
468,4252
469,3810
470,8757
471,5343
472,5455
473,9788
474,8499
475,8186
476,283
477,5358
478,271
479,4740
480,445
481,2443
482,1704
483,7147
484,1370
485,6522
486,1804
487,6527
488,6830
489,7456
490,7945
491,8540
492,4464
493,1708
494,2611
495,4792
496,3055
497,4042
498,4857
499,1013
500,5320
501,2248
502,3935
503,8927
504,464
505,5233
506,9318
507,5050
508,6016
509,7910
510,7918
511,4966
512,9894
513,7019
514,9707
515,1780
516,2521
517,1848
518,8602
519,8288
520,6335
521,9835
522,4613
523,9561
524,1282
525,98
526,3274
527,4865
528,8799
529,6993
530,4470
531,2692
532,8506
533,3231
534,5055
535,7742
536,5348
537,3088
538,6112
539,277
540,4944
541,6489
542,7186
543,29
544,1466
545,2455
546,2379
547,1225
548,5376
549,9252
550,9343
551,3774
552,9449
553,2231
554,7005
555,4235
556,1103
557,697
558,1498
559,2527
560,6163
561,6311
562,3240
563,6495
564,6283
565,4094
566,988
567,5497
568,721
569,6010
570,248
571,955
572,6223
573,7689
574,8087
575,110
576,8240
577,7866
578,5702
579,2811
580,2120
581,8343
582,2685
583,7384
584,5848
585,665
586,952
587,1955
588,9798
589,3214
590,5137
591,3642
592,1990
593,9308
594,2486
595,9329
596,5614
597,7874
598,1367
599,5425
600,1996
601,6247
602,8997
603,7031
604,6629
605,5028
606,4362
607,7476
608,2892
609,482
610,8639
611,2352
612,9693
613,3429
